"wyears" "pcp.min" "pcp.X5th" "pcp.med" "pcp.X95th" "pcp.max" "tmax.min" "tmax.X5th" "tmax.med" "tmax.X95th" "tmax.max" "tmin.min" "tmin.X5th" "tmin.med" "tmin.X95th" "tmin.max"
1982 441.636 481.646 623.456 811.514 860.032 10.11 10.404 11.918 13.244 13.342 -1.31199999999999 -0.931999999999971 0.476000000000022 1.69400000000004 1.91600000000002
1983 442.382 468.974 615.368 774.864 836.596 10.27 10.622 11.972 13.194 13.494 -0.919999999999959 -0.633999999999992 0.50600000000004 1.78600000000001 1.91600000000002
1984 421.312 472.652 599.664 762.31 797.846 10.612 10.996 12.304 13.528 13.952 -0.843999999999983 -0.727999999999963 0.886000000000024 2.06600000000001 2.27400000000002
1985 423.888 480.4 633.946 801.874 817.494 10.53 10.808 12.17 13.542 13.864 -0.807999999999981 -0.385999999999967 0.944000000000028 2.02400000000002 2.29600000000003
1986 465.202 484.838 627.456 786.256 826.882 10.41 10.658 12.232 13.538 13.782 -1.35199999999999 -0.649999999999977 0.852000000000021 2.04600000000001 2.23800000000001
1987 470.958 494.594 638.928 786.446 815.248 10.18 10.312 11.992 13.244 13.394 -1.05199999999998 -0.847999999999968 0.700000000000034 1.83600000000002 1.97800000000003
1988 461.81 487.16 624.708 780.012 820.262 10.468 10.612 12.15 13.37 13.788 -0.767999999999972 -0.527999999999986 0.87600000000001 2.03400000000003 2.27800000000002
1989 463.732 488.46 621.718 802.536 834.922 10.176 10.552 11.946 13.296 13.668 -1.29599999999998 -1.10199999999996 0.810000000000025 1.89600000000002 2.19000000000002
1990 443.806 486.26 624.062 819.664 856.112 10.124 10.524 11.904 13.522 13.986 -1.20999999999999 -0.851999999999975 0.668000000000018 2.05600000000003 2.53400000000003
1991 463.35 479.568 618.714 793.41 830.08 10.278 10.56 12.084 13.49 13.592 -1.09599999999998 -0.661999999999966 0.738000000000022 1.97400000000001 2.34600000000002
1992 455.58 488.548 626.792 778.402 810.32 10.282 10.51 12.034 13.378 13.614 -1.07999999999998 -0.65799999999997 0.810000000000036 1.97800000000003 2.33200000000002
1993 460.294 482.714 616.442 777.578 828.62 10.7 10.892 12.254 13.684 14.01 -0.593999999999983 -0.357999999999981 1.02400000000001 2.30600000000002 2.51800000000002
1994 449.208 470.992 626.052 786.604 834.218 10.92 11.088 12.334 13.614 13.978 -0.51999999999997 -0.415999999999974 0.982000000000028 2.14800000000002 2.31400000000002
1995 459.308 490.402 619.012 778.11 790.032 10.77 11.14 12.464 13.766 14.01 -0.663999999999965 -0.493999999999983 1.01600000000003 2.19600000000001 2.44600000000003
1996 431.436 455.376 610.602 781.042 840.924 10.754 11.104 12.56 14.03 14.514 -0.733999999999969 -0.339999999999964 1.23000000000003 2.45600000000002 2.81000000000002
1997 434.246 479.962 626.242 787.054 818.394 10.972 11.1 12.512 13.788 14.042 -0.72199999999998 -0.421999999999969 1.08400000000001 2.38000000000003 2.66600000000002
1998 445.84 487.36 600.704 751.752 784.662 11.072 11.26 12.532 13.596 14.232 -0.547999999999979 -0.199999999999977 0.960000000000036 2.03000000000003 2.35600000000001
1999 441.062 455.182 603.826 770.256 789.86 11.152 11.37 12.758 14.266 14.606 -0.25999999999998 -0.0199999999999818 1.23800000000002 2.50800000000003 2.68800000000002
2000 452.372 464.238 604.946 756.104 788.986 10.982 11.27 12.718 13.846 14.22 -0.749999999999977 -0.351999999999975 1.22000000000003 2.43800000000002 2.65200000000002
2001 460.484 476.682 617.98 790.17 830.622 10.964 11.336 12.702 13.862 14.072 -0.263999999999976 0.19200000000003 1.31600000000002 2.37200000000003 2.50400000000002
2002 432.108 488.312 629.342 797.836 845.254 11.098 11.352 12.7 14.126 14.524 -0.207999999999981 0.200000000000023 1.36400000000003 2.59600000000002 2.94400000000003
2003 459.104 484.2 618.562 806.498 849.464 10.87 11.34 12.812 14.126 14.444 -0.265999999999985 0.100000000000011 1.33200000000003 2.52400000000001 2.85600000000002
2004 433.832 467.522 620.3 795.498 841.458 10.988 11.386 12.786 14.088 14.2 -0.265999999999985 0.0160000000000196 1.38200000000003 2.48000000000002 2.62600000000003
2005 450.324 480.244 636.974 787.256 834.854 10.984 11.474 12.722 14.092 14.27 -0.56999999999997 -0.089999999999975 1.45000000000001 2.49600000000003 2.67600000000003
2006 477.006 497.24 632.266 809.314 890.128 10.668 10.976 12.846 14.136 14.366 -0.591999999999985 -0.23599999999999 1.52200000000003 2.65600000000001 2.74000000000002
2007 485.556 510.2 638.36 790.238 834.224 11.198 11.292 12.836 14.054 14.254 -0.145999999999981 0.0600000000000136 1.47800000000002 2.72600000000002 2.84800000000001
2008 440.836 474.394 620.394 804.846 839.404 11.41 11.512 12.962 14.42 14.778 -0.353999999999974 0.10400000000003 1.56600000000002 2.71600000000003 2.83600000000004
2009 464.504 485.81 621.434 772.472 821.792 11.444 11.63 12.992 14.342 14.704 -0.347999999999979 0.0260000000000218 1.53600000000002 2.61200000000002 3.04000000000002
2010 408.466 464.886 632.056 763.46 786.432 11.298 11.568 13.042 14.378 14.856 -0.329999999999984 0.0800000000000182 1.67000000000002 2.78400000000001 2.97400000000002
2011 463.702 489.564 621.226 783.71 825.3 11.306 11.614 13.05 14.182 14.32 -0.10999999999998 0.236000000000024 1.53000000000002 2.54200000000003 2.79600000000004
2012 467.632 501.684 637.566 789.606 836.244 11.102 11.532 12.866 14.384 14.588 -0.289999999999986 0.152000000000021 1.59000000000002 2.84800000000001 3.15400000000002
2013 473.028 490 654.906 797.314 862.216 10.942 11.438 12.832 14.238 14.554 -0.841999999999985 0.0620000000000232 1.56800000000003 2.80600000000003 3.05200000000003
2014 462.364 497.652 650.762 824.966 857.796 11.366 11.458 12.99 14.548 14.792 -0.0879999999999768 0.26600000000002 1.67000000000004 3.02200000000004 3.23400000000004
2015 478.62 525.056 667.58 825.32 871.162 11.35 11.54 12.938 14.218 14.618 0.0640000000000327 0.260000000000014 1.71000000000003 2.88400000000001 2.96800000000002
2016 445.906 491.862 628.62 792.174 809.51 11.36 11.832 13.172 14.51 14.748 0.0820000000000164 0.358000000000027 1.84000000000002 3.13600000000004 3.21600000000002
2017 463.458 521.308 649.776 803.826 852.012 11.642 11.894 13.292 14.702 15.024 0.0720000000000368 0.52800000000002 1.96200000000002 3.12600000000002 3.41200000000003
2018 457.712 502.56 649.564 820.66 849.234 11.222 11.968 13.428 14.804 15.126 0.0180000000000177 0.408000000000027 2.01800000000003 3.18000000000003 3.39200000000003
